#NUMBER_OF_ATOMS 56
I    SER  9      N    0    -19.494  -13.904  -13.551  40     
I    ASP  7      OD1  1    -19.679  -14.874  -10.939  31     
I    TYR  11     N    2    -19.762  -11.309  -17.188  58     
I    CYS  8      O    3    -18.27   -13.544  -15.366  36     
I    LYS  13     NZ   4    -21.171  -6.598   -14.678  91     
I    GLU  10     OE1  5    -23.076  -8.135   -13.418  56     
I    LYS  13     N    6    -18.08   -7.656   -20.588  79     
I    ASN  39     OD1  7    -15.492  -8.005   -19.618  336    
I    GLU  19     N    8    -12.818  3.284    -11.64   130    
I    GLU  19     OE1  9    -14.527  1.635    -11.156  138    
I    ARG  21     NH1  10   -15.096  -1.545   -6.952   167    
I    GLU  19     OE2  11   -15.095  0.058    -9.736   139    
I    ARG  21     N    12   -8.686   -0.076   -8.468   154    
I    GLY  32     O    13   -8.209   -1.223   -11.03   266    
I    LEU  23     N    14   -6.082   -5.627   -9.13    178    
I    TYR  31     O    15   -6.108   -4.372   -11.703  252    
I    CYS  24     N    16   -4.149   -8.567   -8.701   187    
I    HIS  52     O    17   -4.664   -9.496   -6.083   443    
I    GLY  25     N    18   -3.307   -10.901  -11.066  194    
I    LYS  29     O    19   -2.307   -9.028   -12.838  230    
I    SER  26     N    20   -3.214   -14.548  -11.669  199    
I    THR  49     O    21   -5.628   -15.129  -10.964  417    
I    ASN  28     N    22   0.416    -12.928  -13.243  216    
I    GLY  25     O    23   -1.633   -13.012  -11.167  197    
I    TYR  31     N    24   -4.528   -5.922   -13.078  249    
I    LEU  23     O    25   -4.625   -7.274   -10.503  181    
I    ASN  33     ND2  26   -11.713  -0.556   -13.498  278    
I    GLU  19     O    27   -10.717  1.628    -11.411  133    
I    CYS  35     N    28   -13.733  -5.045   -13.058  292    
I    ASN  33     OD1  29   -12.334  -2.715   -13.469  275    
I    ASN  36     N    30   -12.044  -4.992   -15.408  299    
I    PHE  37     N    31   -10.416  -7.185   -14.707  310    
I    ASN  33     O    32   -10.442  -5.028   -12.5    271    
I    CYS  38     N    33   -12.271  -9.414   -14.734  322    
I    LYS  34     O    34   -13.348  -7.319   -12.877  282    
I    ASN  39     N    35   -13.237  -9.468   -17.324  329    
I    CYS  35     O    36   -13.395  -6.592   -16.135  295    
I    ALA  40     N    37   -10.891  -10.384  -18.464  340    
I    PHE  37     O    38   -10.554  -10.679  -15.411  313    
I    ASN  36     O    39   -10.261  -7.622   -16.928  302    
I    VAL  41     N    40   -10.712  -12.816  -17.325  346    
I    VAL  42     N    41   -12.834  -14.404  -18.328  354    
I    CYS  38     O    42   -13.575  -11.675  -17.05   325    
I    SER  44     N    43   -9.875   -15.978  -21.07   372    
I    VAL  41     O    44   -11.28   -16.072  -18.224  349    
I    THR  49     N    45   -6.72    -16.865  -12.586  414    
I    SER  26     OG   46   -3.669   -17.094  -13.12   206    
I    SER  51     N    47   -4.65    -13.909  -7.835   432    
I    CYS  24     O    48   -4.053   -11.273  -8.977   190    
I    HIS  52     ND1  49   -3.517   -9.212   -2.235   448    
I    PHE  53     O    50   -3.452   -7.415   -3.754   455    
I    HIS  52     N    51   -4.102   -12.145  -5.8     440    
I    GLY  54     N    52   -4.653   -5.821   -4.891   464    
I    PRO  22     O    53   -6.423   -4.755   -6.994   174    
I    CYS  56     N    54   0.545    -6.431   -8.436   482    
I    THR  30     OG1  55   -0.454   -5.431   -11.116  247    
#NUMBER_OF_HBONDS 30
0     1     
2     3     
4     5     
6     7     
8     9     
10    11    
12    13    
14    15    
16    17    
18    19    
20    21    
22    23    
24    25    
26    27    
28    29    
30    29    
31    32    
33    34    
35    36    
37    38    
37    39    
40    38    
41    42    
43    44    
45    46    
47    48    
49    50    
51    48    
52    53    
54    55    
