#NUMBER_OF_ATOMS 70
B    CYS  3      N    0    137.883  118.699  -118.639 21     
B    THR  15     O    1    139.692  120.105  -120.342 141    
B    TYR  4      N    2    135.043  118.014  -120.917 28     
B    ASN  60     OD1  3    132.675  117.483  -119.004 565    
B    SER  5      N    4    134.432  119.227  -124.283 42     
B    ILE  13     O    5    136.578  117.565  -125.039 123    
B    HIS  6      ND1  6    129.33   118.82   -127.642 58     
B    THR  7      O    7    128.189  119.963  -130.311 65     
B    HIS  6      N    8    132.596  120.81   -126.834 50     
B    ARG  37     O    9    131.31   122.141  -124.411 365    
B    THR  7      N    10   130.322  121.431  -129.632 62     
B    SER  10     OG   11   132.013  120.433  -131.584 96     
B    THR  9      N    12   127.583  120.628  -133.528 80     
B    THR  7      OG1  13   129.836  122.553  -132.309 69     
B    ILE  13     N    14   135.605  116.522  -127.279 120    
B    SER  5      O    15   134.209  119.257  -127.085 45     
B    THR  15     N    16   139.447  119.03   -122.781 138    
B    CYS  3      O    17   137.199  118.469  -121.36  24     
B    CYS  17     N    18   139.769  123.022  -118.399 158    
B    THR  1      O    19   139.702  120.895  -116.881 4      
B    GLY  18     N    20   140.455  124.219  -115.999 165    
B    ASN  16     OD1  21   142.599  122.55   -117.143 154    
B    CYS  22     N    22   132.535  123.323  -115.255 199    
B    CYS  53     O    23   132.202  122.001  -112.654 501    
B    TYR  23     N    24   130.325  122.51   -118.007 206    
B    GLY  38     O    25   132.518  123.066  -119.829 382    
B    ARG  24     N    26   127.209  121.032  -119.159 220    
B    LYS  51     O    27   126.611  121.12   -116.303 481    
B    LYS  25     N    28   125.183  121.202  -121.663 237    
B    GLY  36     O    29   126.99   121.021  -123.57  360    
B    SER  26     N    30   121.957  120.428  -122.59  250    
B    GLU  49     O    31   121.225  121.999  -120.167 463    
B    ARG  27     NE   32   114.75   117.412  -127.038 266    
B    PRO  31     O    33   115.57   115.788  -126.072 314    
B    HIS  29     O    34   113.756  116.87   -124.014 295    
B    ARG  27     N    35   118.859  119.229  -124.086 258    
B    MET  33     O    36   120.573  117.422  -125.866 334    
B    ARG  28     NE   37   114.098  123.38   -118.719 283    
B    ASP  46     O    38   112.889  124.007  -121.257 434    
B    ASP  45     O    39   115.318  125.904  -119.999 425    
B    ARG  28     NH1  40   115.582  124.797  -117.68  288    
B    ARG  28     N    41   116.037  120.165  -122.367 275    
B    ASN  47     O    42   116.166  122.739  -123.818 443    
B    LEU  35     N    43   123.487  119.036  -126.391 348    
B    LYS  25     O    44   123.762  120.022  -123.876 240    
B    GLY  36     N    45   125.869  120.448  -126.12  357    
B    ARG  37     NE   46   128.439  116.141  -121.891 370    
B    ASN  60     O    47   129.117  116.678  -119.4   561    
B    ARG  37     NH1  48   126.801  114.608  -122.394 375    
B    TYR  61     O    49   127.612  113.789  -119.908 572    
B    ARG  37     NH2  50   128.113  115.476  -124.067 378    
B    HIS  6      NE2  51   129.45   117.571  -125.829 61     
B    GLY  38     N    52   131.479  122.207  -122.166 379    
B    TYR  23     O    53   129.275  120.941  -120.082 209    
B    GLY  40     N    54   132.85   126.646  -117.775 391    
B    SER  21     O    55   133.843  124.987  -115.992 194    
B    ASP  45     N    56   117.406  127.57   -120.15  422    
B    LEU  48     O    57   118.157  124.987  -120.118 454    
B    ASP  46     N    58   113.841  127.357  -120.874 431    
B    ASP  45     OD1  59   114.086  129.888  -121.08  429    
B    GLU  49     N    60   118.636  122.879  -120.707 460    
B    SER  26     O    61   119.409  121.076  -122.944 253    
B    LYS  51     N    62   123.87   121.669  -116.785 478    
B    ARG  24     O    63   124.271  120.58   -119.679 223    
B    CYS  53     N    64   129.595  121.388  -112.947 498    
B    CYS  22     O    65   130.02   122.939  -115.827 202    
B    LYS  58     N    66   136.196  115.808  -115.774 538    
B    MET  2      O    67   138.019  116.818  -117.392 15     
B    ASN  60     ND2  68   131.963  119.325  -120.077 568    
B    TYR  4      O    69   133.962  120.14   -122.294 31     
#NUMBER_OF_HBONDS 38
0     1     
2     3     
4     5     
6     7     
8     9     
10    11    
12    13    
14    15    
16    17    
18    19    
20    21    
22    23    
24    25    
26    27    
28    29    
30    31    
32    33    
32    34    
35    36    
37    38    
37    39    
40    39    
41    42    
43    44    
45    44    
46    47    
48    49    
50    51    
52    53    
54    55    
56    57    
58    59    
60    61    
62    63    
64    65    
66    67    
68    69    
68    53    
