#NUMBER_OF_ATOMS 18
A    ARG  59     NH2  0    30.12    39.748   1.073    530    
D    LEU  34     O    1    29.231   36.999   2.082    335    
A    ARG  59     N    2    23.408   38.395   -0.829   514    
D    ASP  35     OD1  3    24.848   37.802   1.528    348    
A    HIS  102    NE2  4    29.018   35.133   9.452    980    
D    ALA  36     O    5    30.495   36.395   6.985    353    
A    TYR  103    OH   6    24.01    39.81    8.91     989    
A    GLU  73     OE1  7    23.543   41.233   8.374    675    
D    TRP  38     N    8    30.898   38.365   4.028    365    
D    ASP  35     N    9    27.203   35.951   2.397    341    
D    ASN  33     OD1  10   26.223   33.629   3.967    328    
D    LEU  34     N    11   28.315   33.593   1.194    332    
A    GLU  60     OE2  12   26.675   32.835   -0.888   540    
D    ASN  33     ND2  13   26.264   31.822   5.302    331    
A    HIS  102    O    14   25.531   32.855   8.116    972    
D    GLY  31     O    15   27.665   29.39    6.061    309    
D    ALA  36     N    16   27.746   35.576   5.098    350    
D    ALA  40     N    17   31.822   38.829   8.221    392    
#NUMBER_OF_HBONDS 11
0     1     
2     3     
4     5     
6     7     
8     1     
9     10    
11    12    
13    14    
13    15    
16    10    
17    5     
