#NUMBER_OF_ATOMS 21
E    TYR  104    OH   0    45.154   -18.787  -5.307   718    
E    SER  130    OG   1    45.926   -18.882  -8.091   895    
E    GLY  127    N    2    39.392   -21.175  -0.227   877    
I    VAL  43     O    3    37.297   -19.124  -0.069   352    
E    ASN  155    ND2  4    31.213   -23.486  -1.035   1063   
I    ASP  45     O    5    31.909   -23.152  1.573    369    
E    THR  220    OG1  6    34.137   -26.54   0.555    1519   
E    ASN  155    OD1  7    31.744   -25.816  -1.042   1062   
E    THR  220    N    8    31.552   -26.445  1.754    1514   
E    SER  221    OG   9    33.892   -22.097  3.782    1526   
E    HIS  64     NE2  10   33.441   -19.802  5.098    450    
E    SER  221    N    11   33.153   -25.098  3.471    1521   
I    THR  44     N    12   36.013   -17.432  0.758    357    
E    GLY  100    O    13   36.401   -14.547  0.866    690    
I    ASP  45     N    14   34.184   -20.467  1.398    366    
I    VAL  43     N    15   38.796   -17.377  -1.727   349    
E    GLY  127    O    16   39.207   -20.157  -2.722   880    
I    ARG  53     NH1  17   33.716   -14.237  -1.014   473    
E    SER  99     O    18   33.59    -11.712  0.564    684    
I    LEU  47     N    19   28.029   -20.918  0.907    384    
E    ASN  218    O    20   27.752   -23.219  2.665    1505   
#NUMBER_OF_HBONDS 12
0     1     
2     3     
4     5     
6     7     
8     7     
9     10    
11    5     
12    13    
14    9     
15    16    
17    18    
19    20    
