#NUMBER_OF_ATOMS 60
I    CYS  5      N    0    -13.743  -19.266  -13.467  48     
I    PRO  2      O    1    -12.244  -20.925  -15.771  23     
I    LEU  6      N    2    -11.966  -17.369  -12.574  55     
I    ASP  3      O    3    -12.637  -17.144  -15.575  30     
I    GLU  7      N    4    -12.873  -15.002  -12.094  64     
I    PHE  4      O    5    -14.642  -17.345  -12.72   39     
I    ALA  16     N    6    -29.576  -10.216  0.868    143    
I    GLY  36     O    7    -28.798  -11.131  -1.669   356    
I    ILE  18     N    8    -26.093  -14.85   2.205    166    
I    TYR  35     O    9    -25.702  -13.456  -0.397   342    
I    ARG  20     NE   10   -24.066  -20.643  -3.231   192    
I    PHE  45     O    11   -21.674  -21.952  -3.447   448    
I    ARG  20     N    12   -21.561  -18.767  0.401    184    
I    PHE  33     O    13   -20.26   -16.111  0.823    322    
I    TYR  21     N    14   -19.531  -20.554  -1.937   201    
I    PHE  22     N    15   -16.487  -19.805  -3.721   215    
I    GLN  31     O    16   -15.291  -19.699  -1.07    301    
I    TYR  23     N    17   -13.995  -19.945  -6.254   227    
I    ASN  43     OD1  18   -15.571  -19.492  -8.658   430    
I    ASN  24     ND2  19   -8.532   -15.984  -2.81    251    
I    GLN  31     OE1  20   -10.063  -17.022  -0.428   306    
I    ASN  24     N    21   -10.696  -19.337  -5.476   241    
I    LEU  29     O    22   -9.778   -21.503  -3.604   285    
I    LYS  26     N    23   -5.552   -17.682  -6.792   258    
I    ASN  24     OD1  24   -7.434   -16.718  -4.628   248    
I    ALA  27     N    25   -4.864   -18.731  -4.338   271    
I    GLY  28     N    26   -5.455   -21.248  -4.937   277    
I    ASN  24     O    27   -7.691   -19.642  -5.601   244    
I    GLN  31     N    28   -12.898  -20.805  -1.372   298    
I    PHE  22     O    29   -13.983  -20.149  -4.036   218    
I    PHE  33     N    30   -17.725  -16.897  0.665    319    
I    ARG  20     O    31   -19.123  -18.884  -0.473   187    
I    TYR  35     N    32   -22.915  -13.987  -0.455   339    
I    ILE  18     O    33   -23.755  -16.192  1.002    169    
I    GLY  36     N    34   -25.245  -11.851  -1.892   353    
I    THR  11     O    35   -24.653  -10.544  -4.315   105    
I    ASN  43     ND2  36   -14.524  -17.513  -8.858   433    
I    TYR  23     O    37   -11.709  -18.422  -7.256   230    
I    GLU  7      O    38   -14.204  -14.754  -9.709   67     
I    PHE  45     N    39   -20.606  -21.221  -5.991   445    
I    TYR  21     O    40   -18.549  -20.151  -4.462   204    
I    CYS  51     N    41   -17.575  -26.453  -6.235   503    
I    SER  47     O    42   -18.947  -26.179  -3.412   473    
I    MET  52     N    43   -14.869  -27.175  -6.108   510    
I    GLU  49     O    44   -16.275  -29.639  -5.84    487    
I    ALA  48     O    45   -15.681  -27.652  -3.531   481    
I    ARG  53     NE   46   -16.977  -34.171  -6.825   527    
I    GLU  49     OE2  47   -18.023  -34.837  -4.275   493    
I    ARG  53     NH1  48   -16.32   -36.173  -5.905   532    
I    ARG  53     N    49   -14.71   -29.399  -7.86    519    
I    ASP  50     O    50   -17.119  -27.768  -7.979   497    
I    THR  54     N    51   -15.321  -28.218  -10.271  536    
I    CYS  51     O    52   -14.669  -25.991  -7.939   506    
I    CYS  55     N    53   -13.842  -25.822  -10.714  545    
I    GLY  56     N    54   -11.44   -26.515  -9.688   552    
I    MET  52     O    55   -12.644  -28.702  -8.33    513    
I    GLY  57     N    56   -7.971   -26.321  -9.421   557    
I    TYR  23     OH   57   -7.326   -23.465  -8.452   235    
I    ALA  58     N    58   -7.953   -24.869  -11.809  562    
I    CYS  55     O    59   -10.453  -24.57   -10.295  548    
#NUMBER_OF_HBONDS 35
0     1     
2     3     
4     5     
6     7     
8     9     
10    11    
12    13    
14    11    
15    16    
17    18    
19    20    
21    22    
23    24    
25    24    
26    27    
28    29    
30    31    
32    33    
34    35    
36    37    
36    38    
39    40    
41    42    
43    44    
43    45    
46    47    
48    47    
49    50    
49    44    
51    50    
51    52    
53    52    
54    55    
56    57    
58    59    
